For magnifications = ['40','100','200', '400'] in the order :-

Logistic Regression Model: Test set accuracy = 0.8636363636363636
+-----+----------------------------------------+----------+
|label|probability                             |prediction|
+-----+----------------------------------------+----------+
|1    |[0.21659092035802968,0.7834090796419703]|1.0       |
|1    |[0.10025184821645536,0.8997481517835446]|1.0       |
|1    |[0.20273714659512412,0.7972628534048758]|1.0       |
|1    |[0.11721674497726935,0.8827832550227307]|1.0       |
|1    |[0.10613841790887996,0.8938615820911201]|1.0       |
|1    |[0.29768104220048186,0.7023189577995181]|1.0       |
|1    |[0.46093698535320865,0.5390630146467913]|1.0       |
|1    |[0.7432097162129195,0.2567902837870804] |0.0       |
|1    |[0.8313518212992761,0.16864817870072396]|0.0       |
|1    |[0.34369127451429443,0.6563087254857056]|1.0       |
|1    |[0.5167561295594081,0.4832438704405918] |0.0       |
|1    |[0.24466394478309156,0.7553360552169085]|1.0       |
|1    |[0.43062756880728703,0.569372431192713] |1.0       |
|1    |[0.7747855802800535,0.22521441971994657]|0.0       |
|1    |[0.6772810471876749,0.3227189528123252] |0.0       |
|1    |[0.6282750770810245,0.3717249229189755] |0.0       |
|1    |[0.1264182199550142,0.8735817800449858] |1.0       |
|1    |[0.5168564052023624,0.4831435947976377] |0.0       |
|1    |[0.10705867936299822,0.8929413206370018]|1.0       |
|1    |[0.5555819975226901,0.44441800247730995]|0.0       |
+-----+----------------------------------------+----------+
only showing top 20 rows


Logistic Regression Model: Test set accuracy = 0.8568129330254042
+-----+----------------------------------------+----------+
|label|probability                             |prediction|
+-----+----------------------------------------+----------+
|1    |[0.3808969045592626,0.6191030954407373] |1.0       |
|1    |[0.315711120180333,0.684288879819667]   |1.0       |
|1    |[0.19708471098373606,0.8029152890162639]|1.0       |
|1    |[0.43238942732135355,0.5676105726786465]|1.0       |
|1    |[0.10467179454356171,0.8953282054564382]|1.0       |
|1    |[0.5890050380817682,0.41099496191823187]|0.0       |
|1    |[0.500498944954794,0.4995010550452061]  |0.0       |
|1    |[0.586395156727825,0.41360484327217495] |0.0       |
|1    |[0.07442420710453998,0.92557579289546]  |1.0       |
|1    |[0.5769512248147203,0.4230487751852798] |0.0       |
|1    |[0.2666754386278704,0.7333245613721295] |1.0       |
|1    |[0.5221425471192072,0.47785745288079284]|0.0       |
|1    |[0.6111736007123391,0.3888263992876609] |0.0       |
|1    |[0.535710767980437,0.46428923201956296] |0.0       |
|1    |[0.08213193547081403,0.9178680645291859]|1.0       |
|1    |[0.2799491113028219,0.720050888697178]  |1.0       |
|1    |[0.5759690769973209,0.42403092300267914]|0.0       |
|1    |[0.4091136862152528,0.5908863137847472] |1.0       |
|1    |[0.1541230131607772,0.8458769868392227] |1.0       |
|1    |[0.41026624270129397,0.5897337572987059]|1.0       |
+-----+----------------------------------------+----------+
only showing top 20 rows

Logistic Regression Model: Test set accuracy = 0.851063829787234
+-----+----------------------------------------+----------+
|label|probability                             |prediction|
+-----+----------------------------------------+----------+
|1    |[0.3425577579881138,0.6574422420118863] |1.0       |
|1    |[0.8618358736684807,0.13816412633151934]|0.0       |
|1    |[0.340440527548351,0.6595594724516489]  |1.0       |
|1    |[0.26141032770199196,0.738589672298008] |1.0       |
|1    |[0.03451890326796486,0.9654810967320351]|1.0       |
|1    |[0.804096235581905,0.19590376441809507] |0.0       |
|1    |[0.12120687935400937,0.8787931206459906]|1.0       |
|1    |[0.8003044409385107,0.1996955590614892] |0.0       |
|1    |[0.29542187825167576,0.7045781217483242]|1.0       |
|1    |[0.09420357803780993,0.90579642196219]  |1.0       |
|1    |[0.08903471940524318,0.9109652805947568]|1.0       |
|1    |[0.7864770816582141,0.21352291834178583]|0.0       |
|1    |[0.5430222254535536,0.4569777745464464] |0.0       |
|1    |[0.7915606503991149,0.2084393496008851] |0.0       |
|1    |[0.5995815288877192,0.4004184711122808] |0.0       |
|1    |[0.260535937050666,0.739464062949334]   |1.0       |
|1    |[0.43897378498397355,0.5610262150160265]|1.0       |
|1    |[0.7819962201114633,0.21800377988853667]|0.0       |
|1    |[0.8230171813288492,0.1769828186711509] |0.0       |
|1    |[0.6320849345685898,0.3679150654314103] |0.0       |
+-----+----------------------------------------+----------+
only showing top 20 rows

Logistic Regression Model: Test set accuracy = 0.851063829787234
+-----+-----------------------------------------+----------+
|label|probability                              |prediction|
+-----+-----------------------------------------+----------+
|1    |[0.12874810411388965,0.8712518958861104] |1.0       |
|1    |[0.11845913159266117,0.8815408684073388] |1.0       |
|1    |[0.17110695665386444,0.8288930433461356] |1.0       |
|1    |[0.06401874017714572,0.9359812598228543] |1.0       |
|1    |[0.12166561431139265,0.8783343856886072] |1.0       |
|1    |[0.14022074053992176,0.8597792594600783] |1.0       |
|1    |[0.7532853620102536,0.2467146379897464]  |0.0       |
|1    |[0.5249013803288473,0.47509861967115274] |0.0       |
|1    |[0.12161234559598351,0.8783876544040164] |1.0       |
|1    |[0.3256318051343902,0.6743681948656098]  |1.0       |
|1    |[0.037027627078634315,0.9629723729213656]|1.0       |
|1    |[0.07986890942358721,0.9201310905764127] |1.0       |
|1    |[0.07944268174300158,0.9205573182569984] |1.0       |
|1    |[0.16047809136288066,0.8395219086371193] |1.0       |
|1    |[0.0951022538004767,0.9048977461995233]  |1.0       |
|1    |[0.10532929933963035,0.8946707006603697] |1.0       |
|1    |[0.07345785075310436,0.9265421492468956] |1.0       |
|1    |[0.07588694820404304,0.9241130517959569] |1.0       |
|1    |[0.5247901244430954,0.4752098755569046]  |0.0       |
|1    |[0.622910998302076,0.3770890016979241]   |0.0       |
+-----+-----------------------------------------+----------+
only showing top 20 rows
